1.000000000000000000e+06
5.000000000000000000e+06
1.000000000000000000e+07
2.000000000000000000e+07
3.000000000000000000e+07
4.000000000000000000e+07
5.000000000000000000e+07
6.000000000000000000e+07
7.000000000000000000e+07
8.000000000000000000e+07
9.000000000000000000e+07
1.000000000000000000e+08
2.000000000000000000e+08
3.000000000000000000e+08
4.000000000000000000e+08
5.000000000000000000e+08
6.000000000000000000e+08
7.000000000000000000e+08
8.000000000000000000e+08
9.000000000000000000e+08
1.000000000000000000e+09
1.200000000000000000e+09
1.400000000000000000e+09
1.600000000000000000e+09
1.800000000000000000e+09
2.000000000000000000e+09
2.200000000000000000e+09
2.400000000000000000e+09
2.600000000000000000e+09
2.800000000000000000e+09
3.000000000000000000e+09
