1.000000000000000000e+06
5.100000000000000000e+07
1.010000000000000000e+08
1.510000000000000000e+08
2.010000000000000000e+08
2.510000000000000000e+08
3.010000000000000000e+08
3.510000000000000000e+08
4.010000000000000000e+08
4.510000000000000000e+08
5.010000000000000000e+08
5.510000000000000000e+08
6.010000000000000000e+08
6.510000000000000000e+08
7.010000000000000000e+08
7.510000000000000000e+08
8.010000000000000000e+08
8.510000000000000000e+08
9.010000000000000000e+08
9.510000000000000000e+08
1.001000000000000000e+09
1.051000000000000000e+09
1.101000000000000000e+09
1.151000000000000000e+09
1.201000000000000000e+09
1.251000000000000000e+09
1.301000000000000000e+09
1.351000000000000000e+09
1.401000000000000000e+09
1.451000000000000000e+09
1.501000000000000000e+09
1.551000000000000000e+09
1.601000000000000000e+09
1.651000000000000000e+09
1.701000000000000000e+09
1.751000000000000000e+09
1.801000000000000000e+09
1.851000000000000000e+09
1.901000000000000000e+09
1.951000000000000000e+09
2.001000000000000000e+09
2.051000000000000000e+09
2.101000000000000000e+09
2.151000000000000000e+09
2.201000000000000000e+09
2.251000000000000000e+09
2.301000000000000000e+09
2.351000000000000000e+09
2.401000000000000000e+09
2.451000000000000000e+09
2.501000000000000000e+09
2.551000000000000000e+09
2.601000000000000000e+09
2.651000000000000000e+09
2.701000000000000000e+09
2.751000000000000000e+09
2.801000000000000000e+09
2.851000000000000000e+09
2.901000000000000000e+09
2.951000000000000000e+09
3.001000000000000000e+09
3.051000000000000000e+09
3.101000000000000000e+09
3.151000000000000000e+09
3.201000000000000000e+09
3.251000000000000000e+09
3.301000000000000000e+09
3.351000000000000000e+09
3.401000000000000000e+09
3.451000000000000000e+09
3.501000000000000000e+09
3.551000000000000000e+09
3.601000000000000000e+09
3.651000000000000000e+09
3.701000000000000000e+09
3.751000000000000000e+09
3.801000000000000000e+09
3.851000000000000000e+09
3.901000000000000000e+09
3.951000000000000000e+09
4.001000000000000000e+09
4.051000000000000000e+09
4.101000000000000000e+09
4.151000000000000000e+09
4.201000000000000000e+09
4.251000000000000000e+09
4.301000000000000000e+09
4.351000000000000000e+09
4.401000000000000000e+09
4.451000000000000000e+09
4.501000000000000000e+09
4.551000000000000000e+09
4.601000000000000000e+09
4.651000000000000000e+09
4.701000000000000000e+09
4.751000000000000000e+09
4.801000000000000000e+09
4.851000000000000000e+09
4.901000000000000000e+09
4.951000000000000000e+09
5.001000000000000000e+09
