1.000000000000000000e+07
1.100000000000000000e+08
2.100000000000000000e+08
3.100000000000000000e+08
4.100000000000000000e+08
5.100000000000000000e+08
6.100000000000000000e+08
7.100000000000000000e+08
8.100000000000000000e+08
9.100000000000000000e+08
1.010000000000000000e+09
1.110000000000000000e+09
1.210000000000000000e+09
1.310000000000000000e+09
1.410000000000000000e+09
1.510000000000000000e+09
1.610000000000000000e+09
1.710000000000000000e+09
1.810000000000000000e+09
1.910000000000000000e+09
2.010000000000000000e+09
2.110000000000000000e+09
2.210000000000000000e+09
2.310000000000000000e+09
2.410000000000000000e+09
2.510000000000000000e+09
2.610000000000000000e+09
2.710000000000000000e+09
2.810000000000000000e+09
2.910000000000000000e+09
3.010000000000000000e+09
3.110000000000000000e+09
3.210000000000000000e+09
3.310000000000000000e+09
3.410000000000000000e+09
3.510000000000000000e+09
3.610000000000000000e+09
3.710000000000000000e+09
3.810000000000000000e+09
3.910000000000000000e+09
4.010000000000000000e+09
4.110000000000000000e+09
4.210000000000000000e+09
4.310000000000000000e+09
4.410000000000000000e+09
4.510000000000000000e+09
4.610000000000000000e+09
4.710000000000000000e+09
4.810000000000000000e+09
4.910000000000000000e+09
