5.000000000000000000e+07
1.000000000000000000e+08
1.500000000000000000e+08
2.000000000000000000e+08
2.500000000000000000e+08
3.000000000000000000e+08
3.500000000000000000e+08
4.000000000000000000e+08
4.500000000000000000e+08
5.000000000000000000e+08
5.500000000000000000e+08
6.000000000000000000e+08
6.500000000000000000e+08
7.000000000000000000e+08
7.500000000000000000e+08
8.000000000000000000e+08
8.500000000000000000e+08
9.000000000000000000e+08
9.500000000000000000e+08
1.000000000000000000e+09
1.050000000000000000e+09
1.100000000000000000e+09
1.150000000000000000e+09
1.200000000000000000e+09
1.250000000000000000e+09
1.300000000000000000e+09
1.350000000000000000e+09
1.400000000000000000e+09
1.450000000000000000e+09
1.500000000000000000e+09
1.550000000000000000e+09
1.600000000000000000e+09
1.650000000000000000e+09
1.700000000000000000e+09
1.750000000000000000e+09
1.800000000000000000e+09
1.850000000000000000e+09
1.900000000000000000e+09
1.950000000000000000e+09
2.000000000000000000e+09
